1.21984	0.77959
1.22057	0.660051
1.2213	0.539487
1.22202	0.417656
1.22275	0.295191
1.22349	0.171048
1.22421	0.0493913
1.22494	-0.0729083
1.22566	-0.195907
1.22639	-0.319367
1.22711	-0.441955
1.22785	-0.567515
1.22858	-0.693222
1.22932	-0.818686
1.23004	-0.943229
1.23077	-1.06841
1.23151	-1.19524
1.23223	-1.32089
1.23296	-1.44609
1.23369	-1.57397
1.23442	-1.7013
1.23516	-1.83043
1.23589	-1.95775
1.2366	-2.0824
1.23732	-2.20756
1.23804	-2.33361
1.23877	-2.46137
1.2395	-2.59004
1.24023	-2.71723
1.24095	-2.84373
1.24167	-2.97156
1.24239	-3.0983
1.24312	-3.22636
1.24384	-3.35298
1.24455	-3.47315
1.24524	-3.58385
1.24593	-3.69149
1.24661	-3.79813
1.24729	-3.90641
1.24796	-4.01529
1.24863	-4.12249
1.2493	-4.22669
1.24997	-4.32593
1.25065	-4.42284
1.25133	-4.52276
1.25202	-4.62415
1.25271	-4.72972
1.25338	-4.83317
1.25403	-4.93457
1.25469	-5.03645
1.25534	-5.13649
1.25601	-5.24008
1.2567	-5.3491
1.25738	-5.45639
1.25807	-5.56817
1.25879	-5.6867
1.25952	-5.80609
1.26026	-5.92807
1.26099	-6.04894
1.26172	-6.17051
1.26246	3.99998
1.26321	6.14693
1.26395	6.02286
1.26469	5.89754
1.26543	5.7714
1.26617	5.64682
1.26691	5.52073
1.26765	5.39391
1.26839	5.26757
1.26912	5.14119
1.26986	5.01491
1.27059	4.88791
1.27133	4.75921
1.27206	4.63202
1.2728	4.50395
1.27355	4.37369
1.27429	4.24476
1.27503	4.11555
1.27576	3.98777
1.27649	3.86184
1.27721	3.73943
1.27791	3.61777
1.27862	3.49367
1.27933	3.372
1.28004	3.2497
1.28076	3.12675
1.28148	3.00128
1.2822	2.87633
1.28291	2.75222
1.28362	2.62864
1.28429	2.51177
1.28487	2.41068
1.28553	2.29553
1.28617	2.18719
1.28682	2.07943
1.28747	1.97657
1.28813	1.87603
1.28879	1.77613
1.28943	1.67717
1.29005	1.57923
1.2907	1.47682
1.29138	1.36779
1.29207	1.25883
1.29277	1.14918
1.29347	1.03899
1.29418	0.926574
1.2949	0.811511
1.29561	0.69505
1.29634	0.574097
1.29706	0.454405
1.29779	0.332056
1.2985	0.211798
1.29922	0.0909787
1.29995	-0.0315992
1.30068	-0.156388
1.30142	-0.281268
1.30215	-0.405714
1.30288	-0.530787
1.30362	-0.656486
1.30435	-0.781497
1.30507	-0.904003
1.30578	-1.02752
1.3065	-1.15106
1.30723	-1.27697
1.30795	-1.40206
1.30868	-1.52745
1.3094	-1.65351
1.31014	-1.78177
1.31087	-1.91021
1.3116	-2.03721
1.31233	-2.16512
1.31306	-2.29274
1.31379	-2.42046
1.31453	-2.55069
1.31526	-2.67824
1.31599	-2.80671
1.31671	-2.9341
1.31745	-3.06361
1.31818	-3.19244
1.31891	-3.3209
1.31962	-3.44394
1.3203	-3.55396
1.32097	-3.65877
1.32164	-3.7626
1.32231	-3.86977
1.32299	-3.98025
1.32367	-4.0886
1.32434	-4.19429
1.32501	-4.2947
1.32567	-4.39072
1.32623	-4.47096
1.32688	-4.56577
1.32757	-4.66956
1.32823	-4.77083
1.32894	-4.88127
1.32968	-4.99565
1.33039	-5.10483
1.33111	-5.21744
1.33186	-5.33406
1.3326	-5.45135
1.33334	-5.57194
1.33409	-5.69349
1.33484	-5.81782
1.33559	-5.94173
1.33636	-6.06832
1.33711	-3.99901
