1.93568	5.85196
1.93674	5.86679
1.93778	5.8991
1.9388	5.90375
1.93983	5.88975
1.94085	5.87232
1.94189	5.8725
1.94294	5.87264
1.94399	5.86905
1.94506	5.86004
1.94611	5.85783
1.94715	5.88618
1.94819	5.89086
1.94927	5.87621
1.9504	5.8582
1.95155	5.84731
1.95278	5.86683
1.95405	5.87628
1.95534	5.88346
1.95663	5.88414
1.95792	5.88498
1.95921	5.88718
1.96051	5.88978
1.9618	5.89183
1.9631	5.89312
1.9644	5.89383
1.96571	5.89427
1.96702	5.89462
1.96834	5.89486
1.96966	5.89495
1.97097	5.8949
1.97225	5.89474
1.97356	5.89454
1.97486	5.89432
1.97614	5.8941
1.97742	5.8939
1.97873	5.89372
1.98005	5.89356
1.98135	5.89344
1.98265	5.89337
1.98397	5.89334
1.98526	5.89334
1.98656	5.89337
1.98785	5.89342
1.98914	5.89348
1.99043	5.89354
1.99172	5.89361
1.99303	5.89367
1.99432	5.89374
1.99561	5.8938
1.99692	5.89385
1.99824	5.8939
1.99956	5.89394
2.00086	5.89397
2.00217	5.89399
2.00342	5.894
2.00473	5.894
2.00611	5.89399
2.00747	5.89399
2.00881	5.89399
2.01018	5.89399
2.01154	5.89399
2.01293	5.89399
2.01426	5.89399
2.01565	5.89399
2.01705	5.89399
2.01842	5.89399
2.01982	5.89399
2.02117	5.89399
2.02247	5.89399
2.0238	5.89399
2.02518	5.89399
2.02656	5.89399
2.02774	5.89399
2.02882	5.89399
2.03007	5.89399
2.03144	5.89399
2.03283	5.89399
2.03419	5.89399
2.03558	5.89399
2.03697	5.89399
2.03836	5.89399
2.03976	5.89399
2.04115	5.89399
2.04254	5.89399
2.04391	5.89399
2.04528	5.89399
2.04664	5.89399
2.048	5.89399
2.04937	5.89399
2.05075	5.89399
2.0521	5.89399
2.05348	5.89399
2.05483	5.89399
2.05619	5.89399
2.05755	5.89399
2.05891	5.89399
2.06029	5.89399
2.06167	5.89399
2.06306	5.89399
2.06443	5.89399
2.06582	5.89399
2.06723	5.89399
2.06863	5.89399
2.07004	5.89399
2.07143	5.89399
2.07282	5.89399
2.07423	5.89399
2.07561	5.89399
2.077	5.89399
2.07839	5.89399
2.07978	5.89399
2.08117	5.89399
2.08257	5.89399
2.08395	5.89399
2.08534	5.89399
2.08675	5.89399
2.08814	5.89399
2.08951	5.89399
2.09089	5.89399
2.09226	5.89399
2.09364	5.89399
2.09503	5.89399
2.09644	5.89399
2.09784	5.89399
2.09924	5.89399
2.10063	5.89399
2.10202	5.89399
2.1034	5.89399
2.1047	5.89399
2.106	5.89399
2.1073	5.89399
2.10865	5.89399
2.10995	5.89399
2.11126	5.89399
2.11255	5.89399
2.11387	5.89399
2.11519	5.89399
2.11653	5.89399
2.11784	5.89399
2.11916	5.89399
2.1205	5.89399
2.12185	5.89399
2.1232	5.89399
2.12451	5.89399
2.12588	5.89399
2.12727	5.89399
2.12866	5.89399
2.13004	5.89399
2.13142	5.89399
2.13278	5.89399
2.13418	5.89399
2.13557	5.89399
2.13696	5.89399
2.13836	5.89399
2.13979	5.89399
2.14124	5.89399
2.14268	5.89399
2.14414	5.89399
2.1456	5.89399
2.14704	5.89399
2.14849	5.89399
2.14996	5.89399
2.1514	5.89399
2.15285	5.89399
2.15429	5.89399
