gen		id		dom		parent_id		variation_type		fitness		parent_fitness		age		parent_age		num_voxels		parent_num_voxels		material_different_from_parent		mean_material		mean_parent_material		mean_parent_diff_material
19		1009		0		778		survived		0.0892781		0.0736697		18		12		373		379		
19		1433		0		702		survived		0.0842898		0.0836523		18		17		350		379		
19		1198		0		847		survived		0.0445957		0.0445756		14		10		123		124		
19		858		0		767		survived		0.0365037		0.0305208		16		8		119		116		
19		1357		0		952		survived		0.0365026		0.0363993		16		14		117		117		
19		1247		0		952		survived		0.0362642		0.0363993		16		13		110		117		
19		1497		0		1331		add_link		0.0249232		0.0245131		16		16		100		97		
19		1401		0		1331		survived		0.0248461		0.0245131		16		15		98		97		
19		1331		0		858		survived		0.0245131		0.0365037		16		14		97		119		
19		1482		0		1425		add_link		0.0142414		0.00587377		9		9		116		124		
19		1481		0		1475		mutate_function(sqrt_abs-to-square)		0.00606422		0.00605536		1		1		355		353		
19		1475		0		-1		survived		0.00605536		-10000000.0		1		10000000.0		353		10000000.0		
19		1455		0		-1		survived		0.0022238		-10000000.0		1		10000000.0		140		10000000.0		
19		1436		0		1348		survived		0.000925265		0.000875374		11		10		115		117		
19		1494		0		1274		remove_link		0.000840301		0.000819014		17		17		79		82		
19		1412		0		1108		survived		0.000598778		0.000925623		10		9		86		140		
19		1544		0		-1		newly_generated		0.000453275		-10000000.0		0		10000000.0		302		10000000.0		
19		1111		0		860		survived		0.000238577		0.000227674		16		11		33		33		
19		1517		0		1420		mutate_function(absolute-to-neg_square)		0.000184327		0.0		8		8		49		49		
19		934		0		875		survived		0.000184327		0.0		11		4		8		8		
19		527		0		453		survived		0.000184327		0.0		14		2		6		6		
19		1555		0		-1		newly_generated		1.59052e-06		-10000000.0		0		10000000.0		220		10000000.0		
19		1539		0		-1		newly_generated		0.0		-10000000.0		0		10000000.0		106		10000000.0		
19		1396		0		-1		survived		0.0		-10000000.0		2		10000000.0		91		10000000.0		
19		1298		0		-1		survived		0.0		-10000000.0		3		10000000.0		13		10000000.0		
19		1241		0		1219		survived		0.0		0.0		4		1		5		7		
19		1507		1		1009		add_link		0.0757102		0.0892781		18		18		370		373		
19		1513		1		1435		remove_node		0.0365026		0.0363993		16		16		118		118		
19		866		1		837		survived		0.00711162		0.00634598		9		1		235		235		
19		1425		1		1033		survived		0.00587377		0.00100577		9		8		124		180		
19		1021		1		673		survived		0.00419007		0.000409777		11		5		123		150		
19		1516		1		1455		add_link		0.00197003		0.0022238		1		1		141		140		
19		1274		1		950		survived		0.000819014		0.000944299		17		14		82		102		
19		1511		1		1436		mutate_weight(-0.057491743756)		0.000527069		0.000925265		11		11		114		115		
19		1505		1		1111		remove_link		0.00019896		0.000238577		16		16		33		33		
19		1553		1		-1		newly_generated		0.000184327		-10000000.0		0		10000000.0		10000000.0		10000000.0		
19		948		1		899		survived		0.000184327		0.0		8		1		49		49		
19		1559		1		-1		newly_generated		8.09968e-05		-10000000.0		0		10000000.0		355		10000000.0		
19		1522		1		-1		newly_generated		0.0		-10000000.0		0		10000000.0		193		10000000.0		
19		1493		1		1396		remove_node		0.0		0.0		2		2		97		91		
19		1490		1		1298		remove_node		0.0		0.0		3		3		15		13		
19		1501		1		1241		add_node		0.0		0.0		4		4		6		5		
19		702		2		545		survived		0.0836523		0.0736697		18		8		379		378		
19		1518		2		702		add_node		0.0835718		0.0836523		18		18		378		379		
19		1487		2		1336		add_node		0.0365026		0.0363993		16		16		118		118		
19		1485		2		866		mutate_weight(-0.662273420563)		0.00628601		0.00711162		9		9		235		235		
19		1504		2		1401		remove_link		0.00424322		0.0248461		16		16		98		98		
19		1519		2		1375		remove_node		0.000189502		0.000977095		2		2		220		10000000.0		
19		1552		2		-1		newly_generated		0.000184327		-10000000.0		0		10000000.0		10000000.0		10000000.0		
19		1548		2		-1		newly_generated		4.76983e-05		-10000000.0		0		10000000.0		440		10000000.0		
19		1540		2		-1		newly_generated		0.0		-10000000.0		0		10000000.0		200		10000000.0		
19		1406		3		1261		survived		0.0365026		0.0363993		16		15		118		118		
19		1550		3		-1		newly_generated		0.000184327		-10000000.0		0		10000000.0		10000000.0		10000000.0		
19		1547		3		-1		newly_generated		2.52003e-06		-10000000.0		0		10000000.0		440		10000000.0		
19		1486		3		1447		remove_node		0.0		9.14976e-08		1		1		172		436		
19		1484		3		527		mutate_function(neg_square-to-sin)		0.0		0.000184327		14		14		6		6		
19		1500		3		934		mutate_function(neg_square-to-sin)		-6.31839e-06		0.000184327		11		11		8		8		
19		1499		4		1406		remove_node		0.0363993		0.0365026		16		16		118		118		
19		1492		4		1402		add_node		0.00133019		0.0013157		9		9		206		207		
19		1375		4		-1		survived		0.000977095		-10000000.0		2		10000000.0		10000000.0		10000000.0		
19		1546		4		-1		newly_generated		0.000184327		-10000000.0		0		10000000.0		10000000.0		10000000.0		
19		1419		4		1241		survived		0.0		0.0		4		3		46		5		
19		1435		5		1087		survived		0.0363993		0.0365026		16		15		118		118		
19		1402		5		1350		survived		0.0013157		0.00141747		9		8		207		184		
19		1506		5		1409		mutate_weight(-0.0359711189477)		0.000953183		0.0009531		17		17		112		110		
19		1409		5		1274		survived		0.0009531		0.000819014		17		16		110		82		
19		1541		5		-1		newly_generated		0.000184327		-10000000.0		0		10000000.0		10000000.0		10000000.0		
19		1512		5		1466		mutate_function(sin-to-neg_square)		0.000184327		2.79309e-05		1		1		440		440		
19		1480		5		1419		add_node		0.0		0.0		4		4		76		46		
19		1336		6		1087		survived		0.0363993		0.0365026		16		14		118		118		
19		1535		6		-1		newly_generated		0.000184327		-10000000.0		0		10000000.0		10000000.0		10000000.0		
19		1423		6		1016		survived		6.28077e-05		0.00036107		9		8		161		162		
19		1526		6		-1		newly_generated		0.0		-10000000.0		0		10000000.0		436		10000000.0		
19		1534		6		-1		newly_generated		-0.00183179		-10000000.0		0		10000000.0		364		10000000.0		
19		1261		7		1087		survived		0.0363993		0.0365026		16		13		118		118		
19		1533		7		-1		newly_generated		0.000184327		-10000000.0		0		10000000.0		10000000.0		10000000.0		
19		1488		7		1423		remove_link		6.00102e-05		6.28077e-05		9		9		165		161		
19		1447		7		-1		survived		9.14976e-08		-10000000.0		1		10000000.0		436		10000000.0		
19		1442		7		-1		survived		0.0		-10000000.0		1		10000000.0		240		10000000.0		
19		1503		7		948		mutate_function(neg_abs-to-sqrt_abs)		0.0		0.000184327		8		8		49		49		
19		1532		8		-1		newly_generated		0.000184327		-10000000.0		0		10000000.0		10000000.0		10000000.0		
19		1466		8		-1		survived		2.79309e-05		-10000000.0		1		10000000.0		440		10000000.0		
19		1489		8		1442		add_link		0.0		0.0		1		1		248		240		
19		1420		8		948		survived		0.0		0.000184327		8		7		49		49		
19		1527		9		-1		newly_generated		0.000184327		-10000000.0		0		10000000.0		10000000.0		10000000.0		
19		1537		9		-1		newly_generated		0.0		-10000000.0		0		10000000.0		440		10000000.0		
19		1491		9		1441		mutate_weight(-0.0221710383374)		-0.000924382		-0.00120625		1		1		253		250		
19		1509		9		1412		add_link		-0.00117136		0.000598778		10		10		59		86		
19		1441		9		-1		survived		-0.00120625		-10000000.0		1		10000000.0		250		10000000.0		
19		1521		10		-1		newly_generated		0.000184327		-10000000.0		0		10000000.0		10000000.0		10000000.0		
19		1525		10		-1		newly_generated		0.0		-10000000.0		0		10000000.0		440		10000000.0		
19		1520		11		-1		newly_generated		0.000184327		-10000000.0		0		10000000.0		10000000.0		10000000.0		
19		1483		13		1021		add_node		0.000191116		0.00419007		11		11		350		123		
19		1510		14		1433		mutate_weight(-0.336532285289)		0.024226		0.0842898		18		18		315		350		
19		1515		14		1247		mutate_weight(-0.711974252396)		0.0		0.0362642		16		16		66		110		
19		1496		16		1198		add_node		0.0		0.0445957		14		14		100		123		
19		1479		17		-1		survived		0.000184327		-10000000.0		1		10000000.0		10000000.0		10000000.0		
19		1478		18		-1		survived		0.000184327		-10000000.0		1		10000000.0		10000000.0		10000000.0		
19		1498		20		1357		mutate_weight(-0.915002459697)		0.00146547		0.0365026		16		16		175		117		
19		1502		21		1479		mutate_function(neg_abs-to-sin)		0.0		0.000184327		1		1		440		10000000.0		
19		1558		22		-1		newly_generated		0.0		-10000000.0		0		10000000.0		10000000.0		10000000.0		
19		1557		23		-1		newly_generated		0.0		-10000000.0		0		10000000.0		10000000.0		10000000.0		
19		1556		24		-1		newly_generated		0.0		-10000000.0		0		10000000.0		10000000.0		10000000.0		
19		1554		25		-1		newly_generated		0.0		-10000000.0		0		10000000.0		10000000.0		10000000.0		
19		1495		25		1261		remove_node		0.0		0.0363993		16		16		108		118		
19		1551		26		-1		newly_generated		0.0		-10000000.0		0		10000000.0		10000000.0		10000000.0		
19		1549		27		-1		newly_generated		0.0		-10000000.0		0		10000000.0		10000000.0		10000000.0		
19		1545		28		-1		newly_generated		0.0		-10000000.0		0		10000000.0		10000000.0		10000000.0		
19		1543		29		-1		newly_generated		0.0		-10000000.0		0		10000000.0		10000000.0		10000000.0		
19		1542		30		-1		newly_generated		0.0		-10000000.0		0		10000000.0		10000000.0		10000000.0		
19		1538		31		-1		newly_generated		0.0		-10000000.0		0		10000000.0		10000000.0		10000000.0		
19		1536		32		-1		newly_generated		0.0		-10000000.0		0		10000000.0		10000000.0		10000000.0		
19		1531		33		-1		newly_generated		0.0		-10000000.0		0		10000000.0		10000000.0		10000000.0		
19		1530		34		-1		newly_generated		0.0		-10000000.0		0		10000000.0		10000000.0		10000000.0		
19		1529		35		-1		newly_generated		0.0		-10000000.0		0		10000000.0		10000000.0		10000000.0		
19		1528		36		-1		newly_generated		0.0		-10000000.0		0		10000000.0		10000000.0		10000000.0		
19		1524		37		-1		newly_generated		0.0		-10000000.0		0		10000000.0		10000000.0		10000000.0		
19		1523		38		-1		newly_generated		0.0		-10000000.0		0		10000000.0		10000000.0		10000000.0		
19		1514		39		858		remove_node		0.0		0.0365037		16		16		119		119		
19		1508		52		1478		mutate_function(neg_square-to-absolute)		0.0		0.000184327		1		1		10000000.0		10000000.0		
